608 609 607 
411 410 412 
405 406 402 
617 616 618 
618 619 617 
418 419 640 
626 627 621 629 625 
619 621 618 
640 635 418 621 639 
420 419 423 
602 603 601 
406 407 405 
623 622 624 
419 418 420 
622 621 623 
423 234 420 
631 635 630 632 629 
624 625 623 
625 624 626 
254 253 255 
628 627 629 
501 502 
255 256 254 
410 411 409 
627 628 626 
502 503 501 
413 414 412 
633 632 634 
256 257 255 
630 631 629 
503 504 502 
632 631 633 
504 505 503 
257 256 
634 635 633 
505 213 504 
401 402 
604 603 606 
407 406 408 
601 602 
402 405 401 
636 635 637 
638 637 639 
302 224 301 
248 249 239 
249 250 248 
250 249 239 251 
639 638 640 
251 250 252 
252 253 251 
253 254 252 
a 101 
103 101 104 
101 a 103 
104 106 103 
106 107 104 
107 108 106 
108 107 109 
109 110 108 
110 111 109 
111 110 112 
611 610 612 
112 113 111 
113 114 112 
114 113 115 
415 416 221 414 
115 114 116 
116 117 115 
117 118 116 
118 119 117 
606 607 604 
408 407 409 
119 120 118 
120 119 123 121 227 
121 122 120 
122 123 121 
123 122 120 127 124 
124 125 123 
125 126 124 
126 125 127 
127 128 126 123 
635 631 636 640 634 
128 132 127 129 
129 128 130 
130 131 129 
131 132 130 
132 137 131 128 133 
133 134 132 
134 135 133 
607 608 606 
135 134 136 
136 137 135 
137 228 138 132 136 
138 137 139 
139 140 138 
140 139 
609 608 610 
412 413 411 
201 204 
603 602 604 
204 201 205 
205 204 206 
206 207 205 
207 208 206 
208 207 209 
416 621 415 
209 210 208 
210 211 209 
211 210 212 
212 213 211 
610 611 609 
414 413 415 
213 505 214 212 
409 410 408 
214 215 213 
215 216 214 
216 215 217 
217 218 216 
218 217 219 
616 615 617 
219 218 220 
220 221 219 
221 222 415 220 
612 613 611 
222 224 221 
224 302 225 222 
225 224 226 
226 227 225 
227 120 226 
228 137 229 
229 230 228 
613 614 612 
230 231 229 
621 416 619 640 626 622 
231 230 232 
232 233 231 
637 636 638 
233 232 234 
234 233 423 235 
235 236 239 234 241 
236 237 235 
237 238 236 
614 613 615 
238 239 237 
239 238 250 248 241 235 
241 242 239 235 
242 243 241 
243 244 242 
244 245 243 
615 616 614 
245 244 246 
246 247 245 
247 246 
301 302 
629 631 628 630 626 
